Version 0.9.7
12
 4 3 367 77 128 0 1
 5 381 33 206 81 2 2
 0 1019 701 877 276 8 3
 0 1020 425 877 276 140 4
 0 1021 149 877 276 272 5
 0 118 147 877 276 404 6
 0 118 427 877 276 536 7
 0 116 705 877 276 668 8
 1 106 35 206 81 800 9
 3 712 51 203 58 810 10
 3 833 993 203 58 819 14
 6 1003 4 449 130 828 16
 1
354
 255 5 64 381 64 381 36 381 36 161 171 161 171 161 0 1 0 6
 255 5 184 161 184 161 34 161 34 33 121 33 121 46 0 6 0 9
 255 5 366 161 366 161 366 44 366 44 396 44 396 44 0 6 0 2
 0 5 64 441 64 441 46 441 46 174 171 174 171 174 0 1 0 6
 0 5 184 174 184 174 46 174 46 104 121 104 121 104 0 6 0 9
 0 5 392 174 392 174 392 102 392 102 396 102 396 102 0 6 0 2
 0 5 717 174 717 174 717 88 717 88 723 88 723 88 0 6 0 10
 12632256 5 162 72 162 72 112 72 112 395 171 395 171 395 0 9 0 6
 12632256 5 181 72 181 64 103 64 103 408 171 408 171 408 0 9 0 6
 12632256 5 200 59 200 56 93 56 93 441 171 441 171 441 0 9 0 7
 12632256 5 171 454 171 454 82 454 82 46 219 46 219 46 0 7 0 9
 12632256 5 873 408 873 408 876 408 876 356 873 356 873 356 0 6 0 6
 12632256 5 899 441 899 441 896 441 896 356 899 356 899 356 0 7 0 6
 12632256 5 925 454 925 454 921 454 921 356 925 356 925 356 0 7 0 6
 16711808 5 1074 410 1074 412 974 412 974 346 886 346 886 356 0 5 0 6
 16711808 5 912 356 912 380 953 380 953 439 1073 439 1073 439 0 6 0 4
 16711808 5 1073 452 1073 452 963 452 963 372 938 372 938 356 0 4 0 6
 16711808 5 1074 397 1074 397 981 397 981 252 951 252 951 252 0 5 0 6
 12632256 5 938 395 938 395 931 395 931 252 938 252 938 252 0 6 0 6
 65535 5 262 408 262 408 262 244 301 244 301 252 301 252 0 6 0 6
 65535 5 288 239 288 239 288 230 249 230 249 395 249 395 0 6 0 6
 65535 5 314 252 309 252 309 274 275 274 275 317 275 317 0 6 0 6
 65535 5 327 252 321 252 321 284 301 284 301 317 301 317 0 6 0 6
 65535 5 288 356 288 356 288 356 288 441 288 441 288 441 0 6 0 7
 65535 5 236 454 236 454 236 220 340 220 340 226 340 226 0 7 0 6
 65535 5 353 213 353 213 353 203 886 203 886 213 886 213 0 6 0 6
 255 5 275 213 275 213 275 213 275 161 275 161 275 161 0 6 0 6
 255 5 509 213 509 213 509 213 509 161 509 161 509 161 0 6 0 6
 255 5 366 213 366 213 366 161 366 161 379 161 379 161 0 6 0 6
 255 5 743 213 743 213 743 213 743 161 743 161 743 161 0 6 0 6
 255 5 873 213 873 213 873 213 873 161 873 161 873 161 0 6 0 6
 0 5 353 356 353 356 353 364 444 364 444 356 444 356 0 6 0 6
 0 5 444 343 444 343 444 364 587 364 587 356 587 356 0 6 0 6
 0 5 951 356 951 356 951 364 822 364 822 343 821 343 0 6 0 6
 0 5 951 317 951 317 992 317 992 174 938 174 938 174 0 6 0 6
 4227327 5 808 226 808 226 808 210 522 210 522 226 522 226 0 6 0 6
 4227327 5 795 356 795 356 795 374 509 374 509 343 509 343 0 6 0 6
 4227327 5 535 252 535 252 535 279 523 279 523 317 522 317 0 6 0 6
 4227327 5 535 343 535 343 535 352 314 352 314 330 314 330 0 6 0 6
 4227327 5 548 252 548 252 548 267 327 267 327 317 327 317 0 6 0 6
 4227327 5 340 317 340 317 340 301 769 301 769 252 769 252 0 6 0 6
 4259584 5 548 239 548 239 548 232 379 232 379 239 379 239 0 6 0 6
 4259584 5 808 343 808 343 808 350 548 350 548 343 548 343 0 6 0 6
 4259584 5 561 330 561 330 561 325 522 325 522 330 522 330 0 6 0 6
 16744703 5 769 317 769 317 769 309 782 309 782 252 782 252 0 6 0 6
 16744703 5 782 239 782 133 623 133 623 70 554 70 554 70 0 6 0 2
 65280 5 574 330 574 330 574 338 392 338 392 252 392 252 0 6 0 6
 65280 5 405 252 405 252 405 310 756 310 756 330 756 330 0 6 0 6
 16776960 5 548 226 548 226 548 228 561 228 561 226 561 226 0 6 0 6
 16776960 5 574 252 574 252 574 287 509 287 509 317 509 317 0 6 0 6
 16776960 5 587 252 587 252 587 245 912 245 912 239 912 239 0 6 0 6
 16776960 5 912 226 912 226 1002 226 1002 674 938 674 938 675 0 6 0 7
 16776960 5 938 688 938 688 1014 688 1014 213 925 213 925 213 0 7 0 6
 255 5 1074 163 1074 163 938 163 938 163 938 161 938 161 0 5 0 6
 65793 5 925 174 925 174 1074 174 1074 174 1074 176 1074 176 0 6 0 5
 8388863 5 1178 228 1178 228 1178 231 1139 231 1139 397 1139 397 0 5 0 5
 8388863 5 1191 241 1191 241 1191 244 1152 244 1152 410 1152 410 0 5 0 5
 16776960 5 912 213 912 213 912 145 858 145 858 95 858 95 0 6 0 10
 8388863 5 1230 254 1230 254 1238 254 1238 439 1229 439 1229 439 0 5 0 4
 8388863 5 1243 254 1247 254 1247 280 1165 280 1165 319 1165 319 0 5 0 5
 8388863 5 1178 358 1178 358 1178 468 932 468 932 454 938 454 0 5 0 7
 8388863 5 1191 358 1191 358 1191 368 1438 368 1438 358 1438 358 0 5 0 5
 8388863 5 1438 319 1438 319 1438 286 1451 286 1451 254 1451 254 0 5 0 5
 8388863 5 1204 241 1204 241 1204 241 1204 241 1204 319 1204 319 0 5 0 5
 8388863 5 1217 228 1217 228 1217 228 1204 228 1204 228 1204 228 0 5 0 5
 8388863 5 938 441 947 441 947 460 1217 460 1217 358 1217 358 0 7 0 5
 8388863 5 1230 319 1230 319 1230 321 1256 321 1256 319 1256 319 0 5 0 5
 8388863 5 1269 358 1269 358 1264 358 1264 452 1268 452 1268 452 0 5 0 4
 8388863 5 1282 358 1282 358 1282 352 1451 352 1451 358 1451 358 0 5 0 5
 16711808 5 1295 397 1295 397 1276 397 1276 254 1269 254 1269 254 0 5 0 5
 16711808 5 912 408 912 408 912 478 1288 478 1288 254 1282 254 0 6 0 5
 16711808 5 1295 241 1295 241 1295 241 1308 241 1308 241 1308 241 0 5 0 5
 16711808 5 1333 439 1333 439 1347 439 1347 280 1321 280 1321 254 0 4 0 5
 16711808 5 1334 254 1334 254 1334 300 1295 300 1295 319 1295 319 0 5 0 5
 16711808 5 1308 358 1308 358 1311 358 1311 452 1307 452 1307 452 0 5 0 4
 16711808 5 1321 332 1321 332 1321 312 1464 312 1464 254 1464 254 0 5 0 5
 16776960 5 886 395 886 395 886 485 1568 485 1568 358 1568 358 0 6 0 5
 16776960 5 1581 358 1581 358 1581 358 1581 410 1581 410 1581 410 0 5 0 5
 16776960 5 1594 319 1594 319 1594 308 1581 308 1581 254 1581 254 0 5 0 5
 16776960 5 1606 439 1602 439 1602 285 1594 285 1594 254 1594 254 0 4 0 5
 16776960 5 1607 319 1607 319 1613 319 1613 254 1607 254 1607 254 0 5 0 5
 16776960 5 1620 358 1620 358 1620 452 1620 452 1619 452 1619 452 0 5 0 4
 16776960 5 1659 345 1659 345 1659 340 1633 340 1633 345 1633 345 0 5 0 5
 16776960 5 1685 345 1685 345 1685 347 1698 347 1698 345 1698 345 0 5 0 5
 16776960 5 1711 358 1711 358 1711 377 1321 377 1321 358 1321 358 0 5 0 5
 16776960 5 1724 358 1724 358 1724 377 1789 377 1789 358 1789 358 0 5 0 5
 16776960 5 1802 254 1802 254 1802 301 1789 301 1789 319 1789 319 0 5 0 5
 16776960 5 1828 215 1828 215 1828 138 878 138 878 95 878 95 0 5 0 10
 16776960 5 1815 319 1815 323 1857 323 1857 108 898 108 898 95 0 5 0 10
 255 5 1165 215 1165 215 1165 215 1165 163 1165 163 1165 163 0 5 0 5
 255 5 1438 215 1438 215 1438 215 1438 163 1438 163 1438 163 0 5 0 5
 255 5 1568 215 1568 215 1568 215 1568 163 1568 163 1568 163 0 5 0 5
 255 5 1659 215 1659 215 1659 215 1659 163 1659 163 1659 163 0 5 0 5
 255 5 1763 215 1763 215 1763 215 1763 163 1763 163 1763 163 0 5 0 5
 255 5 1256 215 1256 215 1256 215 1256 163 1256 163 1256 163 0 5 0 5
 0 5 1243 358 1243 358 1243 387 1334 387 1334 358 1334 358 0 5 0 5
 0 5 1334 345 1334 345 1334 385 1516 385 1516 358 1516 358 0 5 0 5
 0 5 1516 345 1516 345 1516 385 1646 385 1646 358 1646 358 0 5 0 5
 0 5 1646 345 1646 345 1646 385 1737 385 1737 358 1737 358 0 5 0 5
 0 5 1737 345 1737 345 1737 385 1841 385 1841 358 1841 358 0 5 0 5
 0 5 1841 345 1841 345 1907 345 1907 176 1841 176 1841 176 0 5 0 5
 16777088 5 1828 254 1828 254 1935 254 1935 673 1840 673 1840 673 0 5 0 4
 16777088 5 1815 358 1815 375 1923 375 1923 686 1840 686 1840 686 0 5 0 4
 16777088 5 1841 241 1841 241 1961 241 1961 715 1839 715 1839 715 0 5 0 3
 16777088 5 1828 345 1828 367 1950 367 1950 728 1839 728 1839 728 0 5 0 3
 65793 5 821 356 821 356 821 364 587 364 587 343 587 343 0 6 0 6
 65793 5 169 953 169 953 64 953 64 953 64 480 64 480 0 8 0 1
 255 5 64 420 64 420 41 420 41 966 169 966 169 966 0 1 0 8
 255 5 936 966 936 966 1072 966 1072 966 1072 962 1072 962 0 8 0 3
 0 5 936 953 936 953 1072 953 1072 953 1072 949 1072 949 0 8 0 3
 16744703 5 1722 871 1722 871 1722 835 1735 835 1735 806 1735 806 0 3 0 3
 16744703 5 1722 884 1722 884 1722 895 1813 895 1813 884 1813 884 0 3 0 3
 16744703 5 1867 228 1867 228 1986 228 1986 853 1813 853 1813 871 0 5 0 3
 16744703 5 1867 215 1867 215 1867 186 782 186 782 213 782 213 0 5 0 6
 255 5 1696 767 1696 767 1696 747 1540 747 1540 767 1540 767 0 3 0 3
 255 5 1787 767 1787 767 1787 749 1696 749 1696 780 1696 780 0 3 0 3
 255 5 1605 910 1605 910 1605 910 1605 962 1605 962 1605 962 0 3 0 3
 0 5 1631 910 1631 910 1631 910 1631 949 1631 949 1631 949 0 3 0 3
 0 5 1774 910 1774 910 1774 910 1774 949 1774 949 1774 949 0 3 0 3
 0 5 1865 910 1865 910 1865 949 1865 949 1839 949 1839 949 0 3 0 3
 0 5 1579 910 1579 910 1579 910 1579 949 1579 949 1579 949 0 3 0 3
 0 5 1592 910 1592 910 1592 910 1592 949 1592 949 1592 949 0 3 0 3
 65408 5 1761 806 1761 806 1761 852 1566 852 1566 871 1566 871 0 3 0 3
 65408 5 1748 884 1748 884 1748 888 1553 888 1553 884 1553 884 0 3 0 3
 65408 5 1839 910 1839 910 1839 925 1540 925 1540 910 1540 910 0 3 0 3
 255 5 1384 780 1385 780 1385 746 1540 746 1540 780 1540 780 0 3 0 3
 0 5 1462 910 1462 910 1462 910 1462 949 1462 949 1462 949 0 3 0 3
 16744448 5 1553 767 1553 767 1553 755 1397 755 1397 767 1397 767 0 3 0 3
 16744448 5 1566 767 1566 767 1566 772 1423 772 1423 767 1423 767 0 3 0 3
 16744448 5 1579 780 1579 780 1579 781 1449 781 1449 780 1449 780 0 3 0 3
 16777088 5 1410 806 1415 806 1415 1073 1046 1073 1046 910 1046 910 0 3 0 3
 16777088 5 1436 806 1444 806 1444 1061 1059 1061 1059 910 1059 910 0 3 0 3
 16777088 5 1462 806 1470 806 1470 1052 1070 1052 1070 910 1072 910 0 3 0 3
 16744448 5 1592 793 1592 793 1384 793 1384 793 1384 871 1384 871 0 3 0 3
 16744448 5 1605 793 1605 793 1410 793 1410 793 1410 871 1410 871 0 3 0 3
 16744448 5 1618 793 1618 793 1436 793 1436 793 1436 871 1436 871 0 3 0 3
 16777088 5 1397 910 1397 910 1397 1041 1085 1041 1085 910 1085 910 0 3 0 3
 16777088 5 1423 910 1423 910 1423 1030 1098 1030 1098 910 1098 910 0 3 0 3
 16777088 5 1449 910 1449 910 1449 1020 1111 1020 1111 910 1111 910 0 3 0 3
 255 5 1384 767 1384 767 1384 754 1293 754 1293 767 1293 767 0 3 0 3
 255 5 1293 780 1293 780 1293 778 1267 778 1267 962 1267 962 0 3 0 3
 0 5 1371 910 1371 910 1371 910 1371 949 1371 949 1371 949 0 3 0 3
 16744448 5 1631 806 1631 806 1631 815 1306 815 1306 806 1306 806 0 3 0 3
 16744448 5 1618 910 1618 910 1618 924 1293 924 1293 910 1293 910 0 3 0 3
 16777088 5 1319 806 1319 806 1319 1007 1124 1007 1124 910 1124 910 0 3 0 3
 16777088 5 1306 910 1306 910 1306 995 1137 995 1137 910 1137 910 0 3 0 3
 16777088 5 1046 858 1046 858 1046 858 1046 819 1046 819 1046 819 0 3 0 3
 16777088 5 1059 858 1059 858 1059 858 1059 819 1059 819 1059 819 0 3 0 3
 16777088 5 1072 858 1072 858 1072 858 1072 819 1072 819 1072 819 0 3 0 3
 16777088 5 1085 858 1085 858 1085 858 1085 819 1085 819 1085 819 0 3 0 3
 16777088 5 1098 858 1098 858 1098 858 1098 819 1098 819 1098 819 0 3 0 3
 16777088 5 1111 858 1111 858 1111 858 1111 819 1111 819 1111 819 0 3 0 3
 16777088 5 1124 858 1124 858 1124 858 1124 858 1124 819 1124 819 0 3 0 3
 16777088 5 1137 858 1137 858 1137 858 1137 819 1137 819 1137 819 0 3 0 3
 4194368 5 844 1030 844 1030 819 1030 819 1030 819 953 819 953 0 14 0 8
 16711935 5 1046 897 1046 897 879 897 879 897 879 1037 879 1037 0 3 0 14
 16711935 5 1059 897 1059 897 1059 912 899 912 899 1037 899 1037 0 3 0 14
 16711935 5 1085 897 1085 897 1085 948 939 948 939 1037 939 1037 0 3 0 14
 16711935 5 1098 897 1098 897 1098 975 959 975 959 1037 959 1037 0 3 0 14
 16711935 5 1111 897 1111 897 1111 984 979 984 979 1037 979 1037 0 3 0 14
 16711935 5 1124 897 1124 897 1124 994 999 994 999 1037 999 1037 0 3 0 14
 16744448 5 1672 358 1672 358 1672 366 1464 366 1464 358 1464 358 0 5 0 5
 16711935 5 919 1037 919 1037 919 930 1072 930 1072 897 1072 897 0 14 0 3
 16711935 5 1019 1037 1019 1037 1019 1005 1137 1005 1137 897 1137 897 0 14 0 3
 33023 5 1073 673 1073 673 1073 666 743 666 743 636 743 636 0 4 0 7
 33023 5 1073 686 1080 686 1080 656 756 656 756 636 756 636 0 4 0 7
 33023 5 769 623 769 623 769 648 613 648 613 623 613 623 0 7 0 7
 33023 5 626 636 626 636 626 702 1064 702 1064 767 1072 767 0 7 0 3
 33023 5 639 597 639 597 639 602 782 602 782 597 782 597 0 7 0 7
 33023 5 600 688 600 688 600 532 600 532 626 532 626 532 0 7 0 7
 33023 5 1098 767 1098 767 1098 557 756 557 756 532 756 532 0 3 0 7
 33023 5 1111 767 1111 767 1111 567 769 567 769 532 769 532 0 3 0 7
 33023 5 782 519 782 519 782 519 795 519 795 519 795 519 0 7 0 7
 33023 5 1124 767 1124 767 1124 549 808 549 808 532 808 532 0 3 0 7
 33023 5 847 532 847 532 847 532 821 532 821 532 821 532 0 7 0 7
 33023 5 860 532 860 538 1131 538 1131 767 1137 767 1137 767 0 7 0 3
 33023 5 873 519 873 519 873 509 639 509 639 519 639 519 0 7 0 7
 33023 5 652 532 652 532 652 610 652 610 795 610 795 610 0 7 0 7
 65535 5 808 610 808 610 808 645 1722 645 1722 806 1722 806 0 7 0 3
 255 5 613 506 613 506 613 506 613 493 743 493 743 493 0 7 0 7
 255 5 743 506 743 506 743 487 834 487 834 493 834 493 0 7 0 7
 255 5 613 493 613 493 121 493 121 966 182 966 182 966 0 7 0 8
 0 5 691 636 691 636 691 636 821 636 821 636 821 636 0 7 0 7
 0 5 821 623 821 623 821 623 912 623 912 623 912 623 0 7 0 7
 0 5 691 623 691 618 133 618 133 953 182 953 182 953 0 7 0 8
 65280 5 379 408 386 408 386 786 494 786 494 797 494 797 0 6 0 8
 65280 5 507 771 507 771 507 756 1046 756 1046 767 1046 767 0 8 0 3
 65280 5 520 771 520 771 520 785 728 785 728 771 728 771 0 8 0 8
 65280 5 741 771 741 771 741 769 1059 769 1059 780 1059 780 0 8 0 3
 65280 5 754 784 754 784 754 784 767 784 767 784 767 784 0 8 0 8
 65280 5 1072 728 1072 733 468 733 468 875 481 875 481 875 0 3 0 8
 65280 5 1072 793 1089 793 1089 852 494 852 494 875 494 875 0 3 0 8
 65280 5 507 875 507 868 764 868 764 810 780 810 780 810 0 8 0 8
 65280 5 793 797 795 797 795 856 715 856 715 888 715 888 0 8 0 8
 65280 5 520 888 520 888 520 895 356 895 356 688 353 688 0 8 0 7
 65280 5 728 901 728 901 728 895 546 895 546 901 546 901 0 8 0 8
 65280 5 1137 871 1145 871 1145 898 754 898 754 901 754 901 0 3 0 8
 65280 5 1111 871 1111 871 1111 863 767 863 767 901 767 901 0 3 0 8
 65280 5 780 901 780 901 780 901 806 901 806 901 806 901 0 8 0 8
 65280 5 819 914 819 914 819 912 1078 912 1078 871 1085 871 0 8 0 3
 65280 5 832 901 832 901 832 923 533 923 533 914 533 914 0 8 0 8
 65535 5 741 914 741 914 741 1091 1800 1091 1800 910 1800 910 0 8 0 3
 255 5 715 784 715 784 715 742 806 742 806 784 806 784 0 8 0 8
 0 5 793 875 793 875 793 871 884 871 884 875 884 875 0 8 0 8
 0 5 559 901 559 901 559 901 559 953 559 953 559 953 0 8 0 8
 255 5 481 810 481 810 462 810 462 966 481 966 481 966 0 8 0 8
 0 5 793 914 793 914 793 914 793 953 793 953 793 953 0 8 0 8
 255 5 715 771 715 771 715 770 481 770 481 771 481 771 0 8 0 8
 255 5 1567 504 1567 504 1567 504 1476 504 1476 504 1476 504 0 4 0 4
 255 5 1476 491 1476 491 1476 494 1346 494 1346 491 1346 491 0 4 0 4
 0 5 1333 621 1333 621 1333 612 1424 612 1424 621 1424 621 0 4 0 4
 0 5 1424 608 1424 608 1424 613 1554 613 1554 608 1554 608 0 4 0 4
 0 5 1554 621 1554 621 1554 621 1645 621 1645 621 1645 621 0 4 0 4
 255 5 1346 504 1346 504 1346 494 1255 494 1255 504 1255 504 0 4 0 4
 12615935 5 1268 517 1268 517 1268 511 1087 511 1087 410 1087 410 0 4 0 5
 12615935 5 1281 517 1246 517 1246 712 1046 712 1046 780 1046 780 0 4 0 3
 12615935 5 1294 504 1294 504 1294 508 1489 508 1489 517 1489 517 0 4 0 4
 12615935 5 1255 634 1255 634 1255 634 1255 673 1255 673 1255 673 0 4 0 4
 12615935 5 1268 634 1268 634 1268 634 1268 686 1268 686 1268 686 0 4 0 4
 12615935 5 1281 634 1281 634 1281 652 1476 652 1476 634 1476 634 0 4 0 4
 12615935 5 1294 634 1294 634 1294 715 1294 715 1293 715 1293 715 0 4 0 3
 12615935 5 1307 634 1307 634 1307 728 1307 728 1306 728 1306 728 0 4 0 3
 12615935 5 1320 634 1320 634 1320 637 1489 637 1489 634 1489 634 0 4 0 4
 12615935 5 1502 621 1502 621 1307 621 1307 621 1307 530 1307 530 0 4 0 4
 12615935 5 1320 530 1320 530 1320 724 1082 724 1082 780 1072 780 0 4 0 3
 12615935 5 1333 530 1333 530 1333 548 1502 548 1502 530 1502 530 0 4 0 4
 12615935 5 1515 530 1515 530 1515 530 1528 530 1528 530 1528 530 0 4 0 4
 12615935 5 1541 530 1534 530 1534 690 1088 690 1088 780 1085 780 0 4 0 3
 12615935 5 1554 530 1554 530 1554 578 1515 578 1515 595 1515 595 0 4 0 4
 12615935 5 1359 530 1359 530 1359 524 925 524 925 675 925 675 0 4 0 7
 12615935 5 1372 530 1380 530 1380 772 1098 772 1098 780 1098 780 0 4 0 3
 12615935 5 1385 530 1385 530 1390 530 1390 608 1528 608 1528 608 0 4 0 4
 12615935 5 1541 621 1541 621 1541 632 1567 632 1567 634 1567 634 0 4 0 4
 12615935 5 1346 595 1346 595 847 595 847 595 847 395 847 395 0 4 0 6
 12615935 5 1359 608 1359 608 1359 608 860 608 860 408 860 408 0 4 0 6
 12615935 5 1372 595 1372 595 1372 589 1580 589 1580 530 1580 530 0 4 0 4
 12615935 5 1593 517 1593 517 1593 517 1359 517 1359 517 1359 517 0 4 0 4
 12615935 5 1606 530 1606 530 1606 538 1398 538 1398 530 1398 530 0 4 0 4
 12615935 5 1411 530 1411 530 1411 799 1111 799 1111 793 1111 793 0 4 0 3
 12615935 5 1424 530 1424 530 1424 601 1580 601 1580 608 1580 608 0 4 0 4
 12615935 5 1593 608 1593 608 1593 608 1606 608 1606 608 1606 608 0 4 0 4
 12615935 5 1619 608 1619 608 1619 787 1124 787 1124 793 1124 793 0 4 0 3
 12615935 5 1632 595 1632 595 1632 554 1619 554 1619 530 1619 530 0 4 0 4
 12615935 5 1632 530 1632 530 1139 530 1139 780 1137 780 1137 780 0 4 0 3
 65535 5 1645 530 1645 530 1667 530 1667 868 1709 868 1709 871 0 4 0 3
 16744448 5 1464 345 1464 345 1464 325 1789 325 1789 254 1789 254 0 5 0 5
 16744448 5 1776 332 1776 332 1776 254 1776 254 1477 254 1477 254 0 5 0 5
 255 5 1787 780 1904 780 1904 481 1567 481 1567 491 1567 491 0 3 0 4
 0 5 1865 871 1865 871 1865 608 1865 608 1645 608 1645 608 0 3 0 4
 4194432 5 1046 793 1047 793 1047 804 374 804 374 343 366 343 0 3 0 6
 4194432 5 1059 793 1059 790 399 790 399 343 379 343 379 343 0 3 0 6
 4194432 5 392 343 392 343 392 343 405 343 405 343 405 343 0 6 0 6
 4194432 5 418 356 427 356 427 815 1072 815 1072 806 1072 806 0 6 0 3
 4194432 5 1332 780 1332 780 1332 778 442 778 442 356 431 356 0 3 0 6
 4194432 5 1345 767 1345 767 1345 762 665 762 665 532 665 532 0 3 0 7
 4194432 5 899 252 899 252 899 525 678 525 678 532 678 532 0 6 0 7
 4194432 5 691 532 691 532 691 563 535 563 535 239 535 239 0 7 0 6
 255 5 1087 163 1087 163 1004 163 1004 31 1019 31 1019 31 0 5 0 16
 255 5 1788 491 1788 491 1788 497 1567 497 1567 517 1567 517 0 4 0 4
 0 5 1866 595 1866 595 1866 575 1645 575 1645 595 1645 595 0 4 0 4
 33023 5 1774 767 1774 767 1774 559 1684 559 1684 543 1684 543 0 3 0 4
 33023 5 1684 491 1684 491 1684 120 1118 120 1118 127 1118 127 0 4 0 16
 33023 5 1087 176 1087 176 1053 176 1053 176 1053 127 1053 127 0 5 0 16
 33023 5 1761 871 1761 871 1761 634 1761 634 1788 634 1788 634 0 3 0 4
 33023 5 1801 634 1801 634 1801 835 1852 835 1852 871 1852 871 0 4 0 3
 33023 5 1814 595 1823 595 1823 158 1066 158 1066 127 1066 127 0 4 0 16
 33023 5 1814 634 1814 634 1814 905 1345 905 1345 897 1345 897 0 4 0 3
 33023 5 1358 871 1358 871 1358 877 1697 877 1697 543 1697 543 0 3 0 4
 33023 5 1697 491 1697 491 1697 149 1092 149 1092 127 1092 127 0 4 0 16
 33023 5 1748 871 1748 871 1748 517 1748 517 1801 517 1801 517 0 3 0 4
 33023 5 1801 595 1801 595 1801 530 1801 530 1814 530 1814 530 0 4 0 4
 33023 5 1827 517 1827 517 1827 941 1319 941 1319 910 1319 910 0 4 0 3
 33023 5 1332 871 1332 871 1332 844 1710 844 1710 543 1710 543 0 3 0 4
 33023 5 1710 491 1710 491 1710 130 1105 130 1105 127 1105 127 0 4 0 16
 33023 5 1801 491 1801 491 1801 203 1040 203 1040 127 1040 127 0 4 0 16
 33023 5 1801 504 1801 504 1801 204 1079 204 1079 127 1079 127 0 4 0 16
 16711680 5 1059 806 1059 806 1059 823 819 823 819 797 819 797 0 3 0 8
 16711680 5 1085 806 1085 806 1085 829 832 829 832 797 832 797 0 3 0 8
 16711680 5 845 810 845 810 845 810 858 810 858 810 858 810 0 8 0 8
 16711680 5 871 797 871 797 871 798 1137 798 1137 793 1137 793 0 8 0 3
 16711680 5 845 784 839 784 839 724 145 724 145 636 145 636 0 8 0 7
 16711680 5 158 597 158 597 110 597 110 395 184 395 184 395 0 7 0 6
 16711680 5 171 636 171 636 171 744 156 744 156 771 156 771 0 7 0 8
 16711680 5 1124 780 1118 780 1118 877 858 877 858 875 858 875 0 3 0 8
 16711680 5 1098 806 1104 806 1104 845 845 845 845 875 845 875 0 3 0 8
 16711680 5 871 901 865 901 865 712 184 712 184 636 184 636 0 8 0 7
 16711680 5 197 597 188 597 188 465 184 465 184 454 184 454 0 7 0 7
 16711680 5 210 636 210 636 210 752 169 752 169 771 169 771 0 7 0 8
 16711680 5 195 784 195 784 195 784 182 784 182 784 182 784 0 8 0 8
 16711680 5 1111 780 1111 780 873 780 873 780 873 636 873 636 0 3 0 7
 16711680 5 886 636 892 636 892 718 1149 718 1149 806 1137 806 0 7 0 3
 16711680 5 899 636 899 636 899 651 236 651 236 636 236 636 0 7 0 7
 16711680 5 223 441 223 441 242 441 242 636 249 636 249 636 0 7 0 7
 16711680 5 262 636 262 636 262 755 208 755 208 771 208 771 0 7 0 8
 16711680 5 221 771 221 771 221 695 758 695 758 95 758 95 0 8 0 10
 16711680 5 145 610 145 610 145 551 158 551 158 532 158 532 0 7 0 7
 16711680 5 184 408 184 408 171 408 171 408 171 506 171 506 0 6 0 7
 16711680 5 184 532 184 524 103 524 103 875 143 875 143 875 0 7 0 8
 16711680 5 197 506 197 506 195 506 195 395 197 395 197 395 0 7 0 6
 16711680 5 223 532 223 532 216 532 216 867 156 867 156 875 0 7 0 8
 16711680 5 845 888 849 888 849 577 210 577 210 532 210 532 0 8 0 7
 16711680 5 1111 806 1111 806 1111 836 288 836 288 636 275 636 0 3 0 7
 16711680 5 288 597 280 597 280 465 272 465 272 454 275 454 0 7 0 7
 16711680 5 301 636 301 636 308 636 308 888 195 888 195 888 0 7 0 8
 16711680 5 169 875 169 875 169 875 182 875 182 875 182 875 0 8 0 8
 16711680 5 208 914 208 914 208 921 234 921 234 914 234 914 0 8 0 8
 16711680 5 1124 884 1129 884 1129 517 249 517 249 532 249 532 0 3 0 7
 16711680 5 262 441 262 441 262 441 262 532 262 532 262 532 0 7 0 7
 16711680 5 275 532 268 532 268 845 247 845 247 875 247 875 0 7 0 8
 16711680 5 260 875 260 875 260 880 613 880 613 317 613 317 0 8 0 6
 16711680 5 613 304 613 304 613 324 778 324 778 95 778 95 0 6 0 10
 16711680 5 158 506 158 506 158 480 288 480 288 506 288 506 0 7 0 7
 16711680 5 301 506 301 506 301 506 301 441 301 441 301 441 0 7 0 7
 16711680 5 314 532 319 532 319 763 247 763 247 771 247 771 0 7 0 8
 16711680 5 858 719 858 719 858 719 858 732 858 732 858 732 0 8 0 8
 16711680 5 184 610 184 610 184 611 327 611 327 610 327 610 0 7 0 7
 16711680 5 340 597 334 597 334 415 314 415 314 408 314 408 0 7 0 6
 16711680 5 353 610 353 610 348 610 348 771 260 771 260 771 0 7 0 8
 16711680 5 273 784 273 784 273 784 273 784 286 784 286 784 0 8 0 8
 16711680 5 236 597 236 597 236 550 340 550 340 532 340 532 0 7 0 7
 16711680 5 353 506 353 506 353 506 353 395 353 395 353 395 0 7 0 6
 16711680 5 366 532 366 532 361 532 361 786 299 786 299 784 0 7 0 8
 16711680 5 312 797 312 797 626 797 626 797 626 343 626 343 0 8 0 6
 16711680 5 626 317 626 317 626 343 798 343 798 95 798 95 0 6 0 10
 16711680 5 366 636 371 636 371 683 884 683 884 784 884 784 0 7 0 8
 16711680 5 379 597 379 597 367 597 367 454 366 454 366 454 0 7 0 7
 16711680 5 392 636 395 636 395 821 338 821 338 810 338 810 0 7 0 8
 16711680 5 1098 793 1098 793 379 793 379 793 379 532 379 532 0 3 0 7
 16711680 5 392 506 392 506 392 506 392 441 392 441 392 441 0 7 0 7
 16711680 5 405 532 410 532 410 828 351 828 351 810 351 810 0 7 0 8
 16711680 5 364 810 364 810 364 810 377 810 377 810 377 810 0 8 0 8
 16711680 5 1111 884 1111 884 418 884 418 884 418 636 418 636 0 3 0 7
 16711680 5 431 597 431 597 436 597 436 408 431 408 431 408 0 7 0 6
 16711680 5 444 636 444 636 444 818 390 818 390 810 390 810 0 7 0 8
 16711680 5 403 810 398 810 398 923 325 923 325 875 325 875 0 8 0 8
 16711680 5 1124 871 1124 871 1124 642 457 642 457 636 457 636 0 3 0 7
 16711680 5 470 597 470 597 466 597 466 395 470 395 470 395 0 7 0 6
 16711680 5 483 636 483 636 483 937 338 937 338 914 338 914 0 7 0 8
 16711680 5 351 875 351 875 639 875 639 875 639 330 639 330 0 8 0 6
 16711680 5 639 317 639 317 818 317 818 317 818 95 818 95 0 6 0 10
 255 5 143 771 143 771 143 778 234 778 234 771 234 771 0 8 0 8
 255 5 234 784 234 784 234 806 325 806 325 810 325 810 0 8 0 8
 255 5 143 810 143 810 122 810 122 966 195 966 195 966 0 8 0 8
 255 5 143 784 143 784 122 784 122 532 145 532 145 532 0 8 0 7
 255 5 145 506 145 506 145 511 236 511 236 506 236 506 0 7 0 7
 255 5 236 493 236 493 236 493 327 493 327 493 327 493 0 7 0 7
 255 5 327 506 327 506 327 506 418 506 418 506 418 506 0 7 0 7
 0 5 223 636 223 636 133 636 133 914 221 914 221 914 0 7 0 8
 0 5 221 901 221 901 221 901 221 953 221 953 221 953 0 8 0 8
 0 5 312 914 312 914 312 914 312 953 312 953 312 953 0 8 0 8
 0 5 403 914 403 914 403 914 403 953 403 953 403 953 0 8 0 8
 0 5 223 623 223 623 223 645 314 645 314 636 314 636 0 7 0 7
 0 5 314 623 314 623 314 643 405 643 405 636 405 636 0 7 0 7
 0 5 405 623 405 623 405 641 496 641 496 636 496 636 0 7 0 7
34
 7074 1 14 737 265 5 0 0 0 6
 7004 1 14 867 265 5 0 0 0 6
 7008 1 14 503 265 5 0 0 0 6
 7032 1 14 360 265 5 0 0 0 6
 7032 1 14 269 265 5 0 0 0 6
 7074 1 14 1757 267 5 0 0 0 5
 7008 1 14 1159 267 5 0 0 0 5
 7008 1 14 1250 267 5 0 0 0 5
 7032 1 14 1432 267 5 0 0 0 5
 7008 1 14 1562 267 5 0 0 0 5
 7032 1 14 1653 267 5 0 0 0 5
 7074 1 14 1781 819 5 0 0 0 3
 7074 1 14 1690 819 5 0 0 0 3
 7138 1 16 1534 819 5 0 0 0 3
 7004 1 14 1378 819 5 0 0 0 3
 7004 1 14 1287 819 5 0 0 0 3
 7008 1 14 607 545 5 0 0 0 7
 7032 1 14 828 545 5 0 0 0 7
 7032 1 14 737 545 5 0 0 0 7
 7008 1 14 475 823 5 0 0 0 8
 7032 1 14 800 823 5 0 0 0 8
 7032 1 14 709 823 5 0 0 0 8
 7008 1 14 1340 543 5 0 0 0 4
 7032 1 14 1561 543 5 0 0 0 4
 7032 1 14 1470 543 5 0 0 0 4
 7008 1 14 1249 543 5 0 0 0 4
 7008 1 14 139 545 5 0 0 0 7
 7008 1 14 230 545 5 0 0 0 7
 7008 1 14 321 545 5 0 0 0 7
 7008 1 14 1782 543 5 0 0 0 4
 7032 1 14 228 823 5 0 0 0 8
 7032 1 14 137 823 5 0 0 0 8
 7032 1 14 319 823 5 0 0 0 8
 7008 1 14 412 545 5 0 0 0 7
